0 0.078125 0.1875 0.109375 0.1875 0.109375 0.21875 0.078125 0.21875
0 0.125 0.1875 0.15625 0.1875 0.15625 0.21875 0.125 0.21875
42 0.078125 0 0.15625 0 0.15625 0.15625 0.078125 0.15625
47 0.234375 0 0.15625 0 0.15625 0.15625 0.234375 0.15625
43 0.15625 0.28125 0.15625 0.15625 0.078125 0.15625 0.078125 0.28125
44 0.3125 0.15625 0.234375 0.15625 0.234375 0.28125 0.3125 0.28125
46 0.234375 0.28125 0.234375 0.15625 0.15625 0.15625 0.15625 0.28125
45 0 0.28125 0 0.15625 0.078125 0.15625 0.078125 0.28125
15 0.3125 0.6875 0.3125 0.1875 0.390625 0.1875 0.390625 0.6875
13 0.46875 0.6875 0.46875 0.1875 0.390625 0.1875 0.390625 0.6875
16 0.546875 0.6875 0.546875 0.1875 0.46875 0.1875 0.46875 0.6875
14 0.625 0.1875 0.546875 0.1875 0.546875 0.6875 0.625 0.6875
12 0.40625 0 0.46875 0 0.46875 0.1875 0.40625 0.1875
17 0.53125 0 0.46875 0 0.46875 0.1875 0.53125 0.1875
