0 0.1875 0.21875 0.21875 0.21875 0.21875 0.28125 0.1875 0.28125
0 0.25 0.21875 0.28125 0.21875 0.28125 0.28125 0.25 0.28125
42 0.15625 0 0.3125 0 0.3125 0.15625 0.15625 0.15625
47 0.46875 0 0.3125 0 0.3125 0.15625 0.46875 0.15625
43 0.3125 0.3125 0.3125 0.15625 0.15625 0.15625 0.15625 0.3125
44 0.46875 0.3125 0.46875 0.15625 0.625 0.15625 0.625 0.3125
46 0.46875 0.3125 0.46875 0.15625 0.3125 0.15625 0.3125 0.3125
45 0 0.15625 0.15625 0.15625 0.15625 0.3125 0 0.3125
13 0.125 0.46875 0.125 0.4375 0.15625 0.4375 0.15625 0.375 0.0625 0.375 0.0625 0.46875
15 0 0.375 0.0625 0.375 0.0625 0.46875 0 0.46875
16 0.21875 0.375 0.15625 0.375 0.15625 0.4375 0.21875 0.4375
14 0.3125 0.46875 0.25 0.46875 0.25 0.4375 0.21875 0.4375 0.21875 0.375 0.3125 0.375
12 0.0625 0.375 0.0625 0.3125 0.15625 0.3125 0.15625 0.375
21 0.8125 0.0625 0.875 0.0625 0.875 0.1875 0.8125 0.1875
22 0.78125 0.0625 0.71875 0.0625 0.71875 0.1875 0.78125 0.1875
19 0.875 0.0625 0.90625 0.0625 0.90625 0.1875 0.875 0.1875
20 0.78125 0.0625 0.8125 0.0625 0.8125 0.1875 0.78125 0.1875
18 0.78125 0 0.84375 0 0.84375 0.0625 0.78125 0.0625
23 0.84375 0.0625 0.84375 0 0.78125 0 0.78125 0.0625
